148
321
269
82
160
81
122
308
188
57
213
232
142
165
57
348
159
196
152
59
82
339
55
138
277
331
278
268
147
137
56
158
79
348
194
203
323
230
206
117
302
173
305
59
96
321
294
153
247
189
84
348
286
184
330
271
71
94
256
290
293
117
325
268
80
233
61
77
215
348
329
316
148
162
244
245
163
143
254
223
330
296
215
122
253
78
261
248
106
184
336
293
199
111
335
303
322
169
179
231
174
209
116
105
154
273
119
248
81
88
332
112
71
69
85
116
87
297
271
111
133
280
154
201
170
322
165
95
69
260
101
172
324
134
217
285
99
207
194
227
79
250
325
145
244
155
341
178
189
146
65
137
67
97
183
170
317
277
262
78
205
189
246
159
97
55
322
228
139
288
129
105
104
331
156
185
148
166
153
142
178
329
251
211
105
259
52
263
72
295
54
61
52
89
221
270
157
92
191
249
321
233
304
148
233
210
292
207
135
153
345
102
214
223
67
98
254
172
170
116
118
259
179
105
196
222
142
80
116
222
67
79
112
329
139
334
204
219
70
271
228
276
209
80
222
250
197
313
144
94
349
115
102
192
202
185
205
340
158
128
164
251
206
337
316
200
314
324
132
211
216
191
245
177
328
301
308
344
196
295
60
210
220
164
263
222
241
172
251
267
270
93
283
89
94
102
200
281
197
334
