71
134
114
58
90
57
71
135
95
27
100
100
57
83
46
136
67
85
70
54
41
124
52
60
111
142
128
119
85
62
34
79
61
145
86
99
117
113
99
70
135
71
115
30
42
133
135
88
120
89
48
146
130
96
138
99
56
41
105
133
110
72
128
112
47
87
43
59
101
143
130
113
59
91
99
115
70
71
109
90
126
108
104
52
106
38
101
98
48
96
125
135
98
46
135
111
138
74
81
111
85
99
67
72
85
108
62
96
62
55
123
49
34
53
37
57
46
129
108
57
78
117
71
83
92
126
91
41
33
109
55
82
125
58
110
116
60
88
100
95
40
112
125
67
106
62
122
74
88
82
51
76
58
61
87
91
120
101
124
57
90
97
106
75
68
38
143
102
56
128
65
45
68
132
82
74
80
88
89
85
94
147
107
98
65
109
29
115
58
111
40
41
50
47
89
106
88
40
95
98
144
110
116
60
110
93
111
106
58
71
125
57
107
88
59
59
107
87
94
58
76
122
87
45
82
91
68
61
69
96
43
61
74
126
59
148
99
98
60
123
103
101
106
47
88
93
74
128
57
67
132
76
50
91
94
100
79
130
84
68
71
114
97
121
115
75
137
139
81
98
99
85
108
90
133
122
127
126
78
127
43
99
84
80
123
84
90
85
93
115
115
43
125
61
45
44
85
128
101
134
